3713,255,226,226,!
761,255,201,201,#
760,245,173,173,$
3712,241,135,135,%
3328,227,109,109,&
347,191,45,45,'
353,254,215,204,(
352,253,156,151,)
351,233,106,103,*
350,224,72,72,+
349,210,16,53,ж
817,187,5,31,-
3708,255,203,213,ܙ
3706,255,173,188,/
3705,255,121,146,0
3801,231,73,103,1
666,227,29,66,2
321,199,43,59,3
304,183,31,51,4
498,167,19,43,5
816,151,11,35,6
815,135,7,31,7
814,123,0,27,8
894,255,178,187,9
893,252,144,162,:
892,255,121,140,;
891,255,87,115,<
818,255,223,217,=
957,253,181,181,>
956,255,145,145,?
309,86,74,74,@
963,255,215,215,A
3716,255,189,189,B
962,230,138,138,C
961,207,115,115,D
3833,234,134,153,E
3832,219,85,110,F
3831,179,47,72,G
777,145,53,70,H
819,255,238,235,I
3326,251,173,180,J
776,252,176,185,K
899,242,118,136,L
335,238,84,110,M
326,179,59,75,N
151,240,206,212,O
3354,228,166,172,P
3733,232,135,155,Q
3731,218,103,131,R
3350,188,67,101,S
150,171,2,73,T
3689,251,191,194,U
3688,231,169,172,V
3687,201,107,112,W
3803,171,51,87,X
3685,136,21,49,Y
605,255,192,205,Z
604,255,176,190,[
603,255,164,190,\
602,226,72,116,]
601,209,40,106,^
600,205,47,99,_
3806,255,140,174,`
3805,243,71,139,a
3804,224,40,118,b
3609,244,174,213,c
3608,234,156,196,d
3607,197,73,137,e
718,156,36,98,f
917,155,19,89,g
915,130,0,67,h
225,255,223,213,i
224,235,183,175,j
152,226,160,153,k
223,204,132,124,l
3722,188,108,100,m
3721,161,75,81,n
221,136,62,67,o
778,223,179,187,p
3727,219,169,178,q
316,183,115,127,r
3726,155,91,102,s
315,129,73,82,t
3802,113,65,73,u
902,130,38,55,v
3743,215,203,211,w
3042,183,157,167,x
3041,149,111,124,y
3740,120,87,98,z
3836,186,145,170,{
3835,148,96,131,|
3834,114,55,93,}
154,87,36,51,~
211,227,203,227,¡
210,195,159,195,¢
209,163,123,167,£
208,131,91,139,¤
3837,108,58,110,¥
327,99,54,102,¦
153,230,204,217,§
554,219,179,203,¨
553,163,99,139,©
552,128,58,107,ª
550,92,24,78,«
3747,211,215,237,¬
341,183,191,221,®
156,163,174,209,¯
340,173,167,199,°
155,152,145,182,±
3746,119,107,152,²
333,92,84,120,³
157,187,195,217,´
794,143,156,193,µ
793,112,125,162,¶
3807,96,103,140,·
792,85,91,123,¸
158,76,82,110,¹
791,70,69,99,º
3840,176,192,218,»
3839,123,142,171,¼
3838,92,114,148,½
800,192,204,222,¾
809,148,168,198,¿
799,116,142,182,À
798,70,106,142,Á
797,19,71,125,Â
796,17,65,109,Ã
820,14,54,92,Ä
162,219,236,245,Å
827,189,221,237,Æ
813,161,194,215,Ç
826,107,158,191,È
825,71,129,165,É
824,57,105,135,Ê
996,48,194,236,Ë
3843,20,170,208,Ì
995,38,150,182,Í
3846,6,227,230,Î
3845,4,196,202,Ï
3844,18,174,186,Ð
159,199,202,215,Ñ
160,153,159,183,Ò
161,120,128,164,Ó
3756,238,252,252,Ô
775,217,235,241,Õ
3841,205,223,237,Ö
3325,184,210,230,×
3755,147,180,206,Ø
334,115,159,193,Ù
322,90,143,184,Ú
312,53,102,139,Û
803,44,89,124,Ü
336,37,59,115,Ý
823,33,48,99,Þ
939,27,40,83,ß
3753,219,226,233,à
3752,199,209,219,á
932,162,181,198,â
931,106,133,158,ã
930,69,92,113,ä
3750,56,76,94,å
828,197,232,237,æ
3761,172,216,226,ç
519,126,177,200,è
518,79,147,167,é
3760,62,133,162,ê
517,59,118,143,ë
3842,50,102,124,ì
311,28,80,102,í
747,229,252,253,î
3766,153,207,217,ï
807,100,171,186,ð
806,61,149,165,ñ
3765,52,127,140,ò
3811,188,227,230,ó
598,144,195,204,ô
597,91,163,179,õ
3810,72,142,154,ö
3809,63,124,133,÷
3808,54,105,112,ø
928,221,227,227,ù
927,189,203,203,ú
926,152,174,174,û
3768,101,127,127,ü
924,86,106,106,ý
3849,82,179,164,þ
3848,85,147,146,ÿ
3847,52,125,117,Ā
964,169,226,216,ā
959,89,199,180,Ă
958,62,182,161,ă
3812,47,140,132,Ą
3851,73,179,161,ą
943,61,147,132,Ć
3850,55,132,119,ć
993,144,192,180,Ĉ
992,111,174,159,ĉ
3814,80,139,125,Ċ
991,71,123,110,ċ
966,185,215,192,Č
564,167,205,175,č
563,143,192,152,Ď
562,83,151,106,ď
505,51,131,98,Đ
3817,153,195,170,đ
3816,101,165,125,Ē
163,77,131,97,ē
3815,71,119,89,Ĕ
561,44,106,69,ĕ
504,196,222,204,Ė
3813,178,212,189,ė
503,123,172,148,Ę
502,91,144,113,ę
501,57,111,82,Ě
500,4,77,51,ě
955,162,214,173,Ĝ
954,136,186,145,ĝ
913,109,171,119,Ğ
912,27,157,107,ğ
911,24,144,101,Ġ
910,24,126,86,ġ
909,21,111,73,Ģ
3818,17,90,59,ģ
369,215,237,204,Ĥ
368,166,194,152,ĥ
320,105,136,90,Ħ
367,97,122,82,ħ
319,32,95,46,Ĩ
890,23,73,35,ĩ
164,200,216,184,Ī
989,141,166,117,ī
988,115,139,91,Ĭ
987,88,113,65,ĭ
986,64,82,48,Į
772,228,236,212,į
3348,204,217,177,İ
3347,113,147,92,ı
3346,64,106,58,Ĳ
3345,27,89,21,ĳ
895,27,83,0,Ĵ
704,158,207,52,ĵ
703,123,181,71,Ķ
702,71,167,47,ķ
701,63,143,41,ĸ
700,7,115,27,Ĺ
699,5,101,23,ĺ
907,199,230,102,Ļ
906,127,179,53,ļ
905,98,138,40,Ľ
904,85,120,34,ľ
472,216,228,152,Ŀ
471,174,191,121,ŀ
470,148,171,79,Ł
469,114,132,60,ł
937,98,113,51,Ń
936,76,88,38,ń
935,66,77,33,Ņ
934,49,57,25,ņ
523,171,177,151,Ň
3053,156,164,130,ň
3052,136,146,104,ŉ
3051,95,102,72,Ŋ
524,196,205,172,ŋ
522,150,158,126,Ō
520,102,109,79,ō
3364,131,151,95,Ŏ
3363,114,130,86,ŏ
3362,94,107,71,Ő
165,239,244,164,Œ
3819,224,232,104,œ
166,192,200,64,Ŕ
581,167,174,56,ŕ
580,136,141,51,Ŗ
734,199,192,119,ŗ
733,188,179,76,Ř
732,148,140,54,ř
731,147,139,55,Ś
730,130,123,48,ś
3013,185,185,130,Ŝ
3012,166,167,93,ŝ
3011,137,138,88,Ş
372,204,183,132,ş
371,191,166,113,Š
370,184,157,100,š
834,219,190,127,Ţ
833,200,171,108,ţ
832,189,155,81,Ť
831,170,143,86,ť
830,141,120,75,Ŧ
829,126,107,66,ŧ
613,220,196,170,Ũ
612,188,154,120,ũ
611,150,118,86,Ū
610,121,96,71,ū
3047,231,214,193,Ŭ
3046,216,188,154,ŭ
3045,188,150,106,Ů
167,167,124,73,ů
746,252,252,238,Ű
677,245,236,203,ű
422,198,159,123,Ų
3828,183,139,97,ų
420,160,112,66,Ŵ
869,131,94,57,ŵ
728,228,180,104,Ŷ
783,206,145,36,ŷ
782,174,119,32,Ÿ
781,162,109,32,Ź
780,148,99,26,ź
676,229,206,151,Ż
729,208,165,62,ż
680,188,141,14,Ž
3829,169,130,4,ž
3822,246,220,152,ſ
3821,243,206,117,ƀ
3820,223,182,95,Ɓ
3852,205,157,55,Ƃ
445,255,251,139,ƃ
307,253,237,84,Ƅ
973,255,227,0,ƅ
444,255,214,0,Ɔ
3078,253,249,205,Ƈ
727,255,241,175,ƈ
726,253,215,85,Ɖ
725,255,200,64,Ɗ
972,255,181,21,Ƌ
745,255,233,173,ƌ
744,255,231,147,ƍ
743,254,211,118,Ǝ
742,255,191,87,Ə
741,255,163,43,Ɛ
740,255,139,0,Ƒ
970,247,139,19,ƒ
971,246,127,0,Ɠ
947,255,123,77,Ɣ
946,235,99,7,ƕ
900,209,88,7,Ɩ
967,255,222,213,Ɨ
3824,254,205,194,Ƙ
3341,252,171,152,ƙ
3340,255,131,111,ƚ
608,253,93,53,ƛ
606,250,50,3,Ɯ
951,255,226,207,Ɲ
3856,255,211,181,ƞ
722,247,151,111,Ɵ
721,242,120,66,Ơ
720,229,92,31,ơ
3825,253,189,150,Ƣ
922,226,115,35,ƣ
921,198,98,24,Ƥ
920,172,84,20,ƥ
919,166,69,16,Ʀ
918,130,52,10,Ƨ
3770,255,238,227,ƨ
945,251,213,187,Ʃ
402,247,167,119,ƪ
3776,207,121,57,ƫ
301,179,95,43,Ƭ
400,143,67,15,ƭ
300,111,47,0,Ʈ
3823,255,253,227,Ư
3855,250,211,150,ư
3854,242,175,104,Ʊ
3853,242,151,70,Ʋ
3827,247,187,119,Ƴ
977,220,156,86,ƴ
976,194,129,66,Ƶ
3826,173,114,57,ƶ
975,145,79,18,Ʒ
948,254,231,218,Ƹ
754,247,203,191,ƹ
3771,244,187,169,ƺ
758,238,170,155,ƻ
3778,217,137,120,Ƽ
356,197,106,91,ƽ
3830,185,85,68,ƾ
355,152,68,54,ƿ
3777,134,48,34,ǀ
3779,248,202,200,ǁ
3859,186,139,124,ǂ
3858,150,74,63,ǃ
3857,104,37,26,Ǆ
3774,243,225,215,ǅ
950,238,211,196,ǆ
3064,196,142,112,Ǉ
407,187,129,97,ǈ
3773,182,117,82,ǉ
3772,160,108,80,Ǌ
632,135,85,57,ǋ
453,215,206,203,ǌ
452,192,179,174,Ǎ
451,145,123,115,ǎ
3861,166,136,129,Ǐ
3860,125,93,87,ǐ
779,98,75,69,Ǒ
712,255,251,239,ǒ
739,248,228,200,Ǔ
738,236,204,158,ǔ
437,228,187,142,Ǖ
436,203,144,81,ǖ
435,184,119,72,Ǘ
434,152,94,51,ǘ
433,122,69,31,Ǚ
801,101,57,25,ǚ
898,73,42,19,Ǜ
938,54,31,14,ǜ
3371,30,17,8,ǝ
543,242,227,206,Ǟ
3864,203,182,156,ǟ
3863,164,131,92,Ǡ
3862,138,110,78,ǡ
3031,75,60,42,Ǣ
B5200,255,255,255,ǣ
White,252,251,248,Ǥ
3865,249,247,241,ǥ
Erucu,240,234,218,Ǧ
822,231,226,211,ǧ
644,221,216,203,Ǩ
642,164,152,120,ǩ
640,133,123,97,Ǫ
3787,98,93,80,ǫ
3021,79,75,65,Ǭ
3024,235,234,231,ǭ
3023,177,170,151,Ǯ
3022,142,144,120,ǯ
535,99,100,88,ǰ
3033,227,216,204,Ǳ
3782,210,188,166,ǲ
3032,179,159,139,ǳ
3790,127,106,85,Ǵ
3781,107,87,67,ǵ
3866,250,246,240,Ƕ
842,209,186,161,Ƿ
841,182,155,126,Ǹ
840,154,124,92,ǹ
839,103,85,65,Ǻ
838,89,73,55,ǻ
3072,230,232,232,Ǽ
648,188,180,172,ǽ
647,176,166,156,Ǿ
646,135,125,115,ǿ
645,110,101,92,Ȁ
844,72,72,72,ȁ
762,236,236,236,Ȃ
415,211,211,214,ȃ
318,171,171,171,Ȅ
414,140,140,140,ȅ
168,209,209,209,Ȇ
169,132,132,132,ȇ
317,108,108,108,Ȉ
413,86,86,86,ȉ
3799,66,66,66,Ȋ
310,0,0,0,ȋ
1,227,227,230,Ȍ
2,215,215,216,ȍ
3,184,184,187,Ȏ
4,174,174,177,ȏ
5,227,204,190,Ȑ
6,220,198,184,ȑ
7,143,123,110,Ȓ
8,106,80,70,ȓ
9,85,32,14,Ȕ
10,237,254,217,ȕ
11,226,237,181,Ȗ
12,205,217,154,ȗ
13,191,246,224,Ș
14,208,251,178,ș
15,209,237,164,Ț
16,201,194,88,ț
17,229,226,114,Ȝ
18,217,213,109,ȝ
19,247,201,95,Ȟ
20,247,175,147,ȟ
21,215,153,130,Ƞ
22,188,96,78,ȡ
23,237,226,237,Ȣ
24,224,215,238,ȣ
25,218,210,233,Ȥ
26,215,202,230,ȥ
27,240,238,249,Ȧ
28,144,134,169,ȧ
29,103,64,118,Ȩ
30,125,119,165,ȩ
31,80,81,141,Ȫ
32,77,46,138,ȫ
33,156,89,158,Ȭ
34,125,48,100,ȭ
35,70,5,45,Ȯ
